1823412793
1815573406
1705201022
2474566370
2752945598
2686032948
2688579883
3350203730
1928978003
2411388528
2095912535
2723987721
2279131041
3425757676
3622125130
1369743238
1444947329
2744140111
2762696414
2050780234
3248573436
1976970830
2384014945
2597952237
2854276803
3216398799
2982469779
3086070534
3362177073
2977286345
3066274812
2376449518
2994634277
3326354818
2010870025
2674337782
933782986
3073504073
3484896698
2914309509
3221682299
2799362941
3043356654
2772364595
2963680793
2794943951
2961309071
2300463941
3008860121
2250037083
2871328013
3261081547
2677532697
1629644846
3463902338
3373599765
3036057084
2850232250
2847709656
2886779102
3036058836
2671265327
